Starting dct for  images/stego/
time: 2.9832790000000005
Starting collude for  images/stego/  at 4.500194 s
End at 4.61282 , completed in 0.11262600000000056 s
Starting get diff for stego/ at 4.612854 s
End at 4.735276 , completed in 0.12242200000000025 s
Starting collude for  images/cover/  at 4.735349 s
End at 4.815487 , completed in 0.08013799999999982 s
Starting get diff for cover/ at 4.815516 s
End at 4.881632 , completed in 0.06611600000000006 s
Starting extract feature at 4.881706 s
End at 5.154541 , completed in 0.2728349999999997 s
Sample of frame cover
 [[ 14.290604    10.45268677  10.45268677]
 [ 14.38599775  11.33162467  11.33162467]
 [ 14.64055783   7.732989     7.732989  ]
 [ 14.62192492   8.51160128   8.51160128]
 [ 14.25489299  11.86252861  11.86252861]
 [ 14.79814848  13.76647385  13.76647385]
 [ 14.16785435  13.19239692  13.19239692]
 [ 14.2028742   16.5532961   16.5532961 ]
 [ 14.61747437   7.23135447   7.23135447]
 [ 14.02350112  16.84160503  16.84160503]
 [ 13.62763246  15.83757765  15.83757765]
 [ 14.03740211  16.2170772   16.2170772 ]
 [ 14.52385586  10.57126944  10.57126944]
 [ 14.23289188  12.65464838  12.65464838]
 [ 14.01566232  14.94315796  14.94315796]
 [ 14.75019998  10.08813383  10.08813383]
 [ 14.93227647   7.74595755   7.74595755]
 [ 14.51038159  10.03810672  10.03810672]
 [ 14.52965849  12.92465238  12.92465238]
 [ 14.1228778   14.29099286  14.29099286]
 [ 14.3150767   11.03203826  11.03203826]
 [ 14.6087063   10.18686402  10.18686402]
 [ 13.89077563  21.34246715  21.34246715]
 [ 14.08947886  12.70087056  12.70087056]
 [ 14.57045733   7.08264145   7.08264145]
 [ 14.81750528  12.39348422  12.39348422]
 [ 14.66813211   9.67179685   9.67179685]
 [ 13.69549026  13.6991095   13.6991095 ]
 [ 14.08176589  12.11940229  12.11940229]
 [ 14.4406702   10.70976443  10.70976443]
 [ 14.88729242   7.64001291   7.64001291]
 [ 14.31167563   6.6996146    6.6996146 ]
 [ 13.96684497  11.95933475  11.95933475]
 [ 14.89847582   6.5932403    6.5932403 ]
 [ 14.78788932   8.61720086   8.61720086]
 [ 14.13956216  14.93550545  14.93550545]
 [ 14.84782879   7.96149672   7.96149672]
 [ 14.53330509   9.09311194   9.09311194]
 [ 14.10691076  12.58772217  12.58772217]
 [ 14.34964895   7.80350234   7.80350234]
 [ 14.08067038  14.39947904  14.39947904]
 [ 14.39794595   8.76929414   8.76929414]
 [ 14.22096798   9.05045716   9.05045716]]
Sample of frame stego
 [[  12.27923148   29.08534738   -2.757279  ]
 [  13.33984946   85.96006822   -1.31541445]
 [  12.35743019   32.9316335    -2.5984332 ]
 [  13.82326769   72.61802398   -1.46336765]
 [  12.40457558   33.49183812   -2.46373544]
 [  12.52518216   35.83508687   -2.24791822]
 [  12.41350336   40.83390463   -2.28712078]
 [  12.59620436   30.42871365   -2.46726338]
 [  13.58818802   60.68934352   -1.8538573 ]
 [  12.47520643   32.14352807   -2.57611174]
 [  12.48570735   33.80096816   -2.47760543]
 [  13.28179809   92.50742204   -1.55179325]
 [  12.2230657    37.96740006   -2.56106323]
 [  12.49511734   32.81726066   -2.52092486]
 [  12.37998797  125.40869655   -1.51313777]
 [  13.04224895  110.72997027   -1.46559399]
 [  12.6061743    32.08945933   -2.42550914]
 [  12.47026128   38.43009986   -2.52746215]
 [  13.12585219   83.44760826   -1.75565579]
 [  12.39004613   30.61861135   -2.65650903]
 [  12.24082526   35.8651803    -2.50219383]
 [  12.5413648    34.45864225   -2.49245944]
 [  13.35658486   92.91013327   -1.40501462]
 [  12.43243218   34.61321363   -2.53231563]
 [  13.42067547   66.06555834   -1.8035407 ]
 [  13.37470844   81.58203056   -1.54891305]]
Training size: 51
Test size    : 18
Predicted labels:  [1 0 1 0 0 1 1 1 0 0 1 1 1 0 1 1 0 1]
Ground truth    :  [1 0 1 0 0 1 1 1 0 0 1 1 1 0 1 1 0 1]